### Confusing...

```python
In [4]: At = np.arange(3*4).reshape((4,3))

In [5]: A = At.T

In [6]: A
Out[6]:
array([[ 0,  3,  6,  9],
       [ 1,  4,  7, 10],
       [ 2,  5,  8, 11]])

In [7]: At
Out[7]:
array([[ 0,  1,  2],
       [ 3,  4,  5],
       [ 6,  7,  8],
       [ 9, 10, 11]])

In [8]: A[0,0] = np.pi

In [9]: At
Out[9]:
array([[ 3,  1,  2],
       [ 3,  4,  5],
       [ 6,  7,  8],
       [ 9, 10, 11]])

In [10]: A
Out[10]:
array([[ 3,  3,  6,  9],
       [ 1,  4,  7, 10],
       [ 2,  5,  8, 11]])

In [11]: A.T is At
Out[11]: False

In [12]: A[0,0] is At[0,0]
Out[12]: False

In [13]: A[0,0] == At[0,0]
Out[13]: True

In [14]: A[0,0], At[0,0]
Out[14]: (3, 3)

In [15]: A
Out[15]:
array([[ 3,  3,  6,  9],
       [ 1,  4,  7, 10],
       [ 2,  5,  8, 11]])

In [16]: At
Out[16]:
array([[ 3,  1,  2],
       [ 3,  4,  5],
       [ 6,  7,  8],
       [ 9, 10, 11]])

In [17]: A[-1,-1] = -9999

In [18]: At
Out[18]:
array([[    3,     1,     2],
       [    3,     4,     5],
       [    6,     7,     8],
       [    9,    10, -9999]])

In [19]: A[-1,-1] is At[-1,-1]
Out[19]: False

In [20]:
```
